% 示例1：
%##定义E的模糊变量值1=PL,2=PM,3=PS,4=ZE,5=NS,6=NM,7=NL并输入误差E的隶属度表####
Me=[ 0 0 0 0 0 0 0 0 0 0.1 0.4 0.8 1.0;                                  %PL(A1)
     0 0 0 0 0 0 0 0 0.2 0.7 1.0 0.7 0.2;                                   %PM(A2)
     0 0 0 0 0 0 0.3 0.8 1.0 0.5 0.1 0 0;                                   %PS(A3)
     0 0 0 0 0.1 0.6 1 0.6 0.1 0 0 0 0;                                     %ZE(A4)
    0 0 0.1 0.5 1.0 0.8 0.3 0 0 0 0 0 0;                                    %NS(A5)
    0.2 0.7 1.0 0.7 0.2 0 0 0 0 0 0 0 0                                     %NM(A6)
    1 0.8 0.4 0.1 0 0 0 0 0 0 0 0 0];                                       %NL(A7)

%##定义EC的模糊变量值1=PL,2=PM,3=PS,4=ZE,5=NS,6=NM,7=NL并输入误差变化率EC的隶属度表####
Mec=[ 0 0 0 0 0 0 0 0 0 0.1 0.4 0.8 1.0;                                 %PL(B1)
     0 0 0 0 0 0 0 0 0.2 0.7 1.0 0.7 0.2;                                   %PM(B2)
     0 0 0 0 0 0 0 0.9 1.0 0.7 0.2 0 0;                                     %PS(B3)
     0 0 0 0 0 0.5 1 0.5 0 0 0 0 0;                                         %ZE(B4)
    0 0 0.2 0.7 1.0 0.9 0 0 0 0 0 0 0;                                      %NS(B5)
    0.2 0.7 1.0 0.7 0.2 0 0 0 0 0 0 0 0                                     %NM(B6)
    1 0.8 0.4 0.1 0 0 0 0 0 0 0 0 0];                                       %NL(B7)

%##定义U的模糊变量值1=PL,2=PM,3=PS,4=ZE,5=NS,6=NM,7=NL并输出U的隶属度表####
Mu=[0 0 0 0 0 0 0 0 0 0 0 0.1 0.4 0.8 1.0;                                  %PL(C1)
    0 0 0 0 0 0 0 0 0 0.2 0.7 1.0 0.7 0.2 0;                                %PM(C2)
    0 0 0 0 0 0 0 0.4 1.0 0.8 0.4 0.1 0 0 0;                                %PS(C3)
    0 0 0 0 0 0 0.5 1.0 0.5 0 0 0 0 0 0;                                    %ZE(C4)
    0 0 0 0.1 0.4 0.8 1.0 0.4 0 0 0 0 0 0 0;                                %NS(C5)
    0 0.2 0.7 1.0 0.7 0.2 0 0 0 0 0 0 0 0 0;                                %NM(C6)
    1.0 0.8 0.4 0.1 0 0 0 0 0 0 0 0 0 0 0];                                 %NL(C7)

%#######################输入模糊控制规则表1#########################
%####(EC,U,E)    NL(A7) NM(A6) NS(A5) ZE(A4) PS(A3) PM(A2) PL(A1) #####
%####   NL(B7)    NL     NL     NL      NL    NM     NS     ZE ########
%####   NM(B6)    NL     NL     NM      NM    NS     ZE     PS ########
%####   NS(B5)    NL     NL     NM      NS    ZE     PS     PM ########
%####   ZE(B4)    NL     NM     NS      ZE    PS     PM     PL ########
%####   PS(B3)    NM     NS     ZE      PS    PM     PL     PL ########
%####   PM(B2)    NS     ZE     PS      PM    PL     PL     PL ########
%####   PL(B1)    ZE     PS     PM      PL    PL     PL     PL ########
UC=[7 7 7 7 6 5 4;
    7 7 6 6 5 4 3;
    7 7 6 5 4 3 2;
    7 6 5 4 3 2 1;
    6 5 4 3 2 1 1;
    5 4 3 2 1 1 1;
    4 3 2 1 1 1 1];


% 示例2：
%##定义E的模糊变量值1=NB,2=NM,3=NS,4=ZE,5=PS,6=PM,7=PB并输入误差E的隶属度表####
Me=[ 1.0 0.7 0.3 0 0 0 0 0 0 0 0 0 0;                                       %NB(A1)
     0.3 0.7 1.0 0.7 0.3 0 0 0 0 0 0 0 0;                                   %NM(A2)
     0 0 0.3 0.7 1.0 0.7 0.3 0 0 0 0 0 0;                                   %NS(A3)
     0 0 0 0 0.3 0.7 1 0.7 0.3 0 0 0 0;                                     %ZE(A4)
    0 0 0 0 0 0 0.3 0.7 1.0 0.7 0.3 0 0;                                    %PS(A5)
    0 0 0 0 0 0 0 0 0.3 0.7 1.0 0.7 0.3;                                    %PM(A6)
    0 0 0 0 0 0 0 0 0 0 0.3 0.7 1.0];                                       %PB(A7)

%##定义EC的模糊变量值1=NB,2=NM,3=NS,4=NZ,5=PZ,6=PS,7=PM,8=PB并输入误差变化率EC的隶属度表####
Mec=[ 1 0.8 0.7 0.4 0.1 0 0 0 0 0 0 0 0;                            %NB(B1)
     0.2 0.7 1.0 0.7 0.3 0 0 0 0 0 0 0 0;                                   %NM(B2)
     0 0.1 0.3 0.7 1.0 0.7 0.2 0 0 0 0 0 0;                                 %NS(B3)
     0 0 0 0 0.1 0.6 1.0 0 0 0 0 0 0;                                       %NZ(B4)
    0 0 0 0 0 0 1.0 0.6 0.1 0 0 0 0;                                        %PZ(B5)
    0 0 0 0 0 0 0.2 0.7 1.0 0.7 0.3 0.1 0;                                  %PS(B6)
    0 0 0 0 0 0 0 0 0.2 0.7 1.0 0.7 0.3;                                    %PM(B7)
    0 0 0 0 0 0 0 0 0.1 0.4 0.7 0.8 1];                                     %PB(B8)

%##定义U的模糊变量值1=NB,2=NM,3=NS,4=ZE,5=PS,6=PM,7=PB并输出U的隶属度表####
% Mu=[ 1.0 0.7 0.3 0 0 0 0 0 0 0 0 0 0;                                       %NB(C1)
%      0.3 0.7 1.0 0.7 0.3 0 0 0 0 0 0 0 0;                                   %NM(C2)
%      0 0 0.3 0.7 1.0 0.7 0.3 0 0 0 0 0 0;                                   %NS(C3)
%      0 0 0 0 0.3 0.7 1 0.7 0.3 0 0 0 0;                                     %ZE(C4)
%     0 0 0 0 0 0 0.3 0.7 1.0 0.7 0.3 0 0;                                    %PS(C5)
%     0 0 0 0 0 0 0 0 0.3 0.7 1.0 0.7 0.3;                                    %PM(C6)
%     0 0 0 0 0 0 0 0 0 0 0.3 0.7 1.0];                                       %PB(C7)
% 

Mu = [ 1 0.5 0 0 0 0 0;
       0 1 0.5 0 0 0 0;
       0 0.5 1 0.5 0 0 0;
       0 0 0.5 1 0.5 0 0;
       0 0 0 0.5 1 0.5 0;
       0 0 0 0 1 0.5 0;
       0 0 0 0 0 0.5 1];
%#######################输入模糊控制规则表2#########################
%####(EC,U,E)    PB(A7) PM(A6) PS(A5) ZE(A4) NS(A3) NM(A2) NB(A1) #####
%####   PB(B8)    PB     PB     PB      PB    PM     ZE     ZE ########
%####   PM(B7)    PB     PB     PB      PB    PM     ZE     ZE ########
%####   PS(B6)    PM     PM     PM      PM    ZE     NS     NS ########
%####   PZ(B5)    PM     PM     PS      ZE    NS     NM     NM ########
%####   NZ(B4)    PM     PM     PS      ZE    NS     NM     NM ########
%####   NS(B3)    PS     PS     ZE      NM    NM     NM     NM ########
%####   NM(B2)    ZE     ZE     NM      NB    NB     NB     NB ########
%####   NB(B1)    ZE     ZE     NM      NB    NB     NB     NB ########
UC=[7 7 7 7 6 4 4;
    7 7 7 7 6 4 4;
    6 6 6 6 4 3 3;
    6 6 5 4 3 2 2;
    6 6 5 4 3 2 2;
    5 5 4 2 2 2 2;
    4 4 2 1 1 1 1;
    4 4 2 1 1 1 1];








